1 1 1 1 1 2 3 4 1fe02ff0102fd08
2 1 1 1 5 6 7 8 1fe02ff0102fd08
3 1 1 1 9 10 11 12 1fe02ff0102fd08
4 1 1 1 13 14 15 16 1fe02ff0102fd08
5 1 1 1 -2 3 -4 5 1fe02ff0102fd08
6 1 1 1 20 -1 6 -3 1fe02ff0102fd08
7 1 1 1 7 0 -8 9 1fe02ff0102fd08
8 1 1 1 -5 -6 4 3 1fe02ff0102fd08
9 1 1 1 12 11 10 9 1fe02ff0102fd08
10 1 1 1 0 1 0 1 1fe02ff0102fd08
11 1 1 0 0 0 0 0 1fe02ff0102fd08
12 1 1 0 0 0 0 0 1fe02ff0102fd08
13 1 1 0 0 0 0 0 1fe02ff0102fd08
14 1 1 0 0 0 0 0 1fe02ff0102fd08
15 1 1 0 0 0 0 0 1fe02ff0102fd08
16 1 1 0 0 0 0 0 1fe02ff0102fd08
17 1 1 0 0 0 0 0 1fe02ff0102fd08
18 1 1 0 0 0 0 0 1fe02ff0102fd08
19 1 1 0 0 0 0 0 1fe02ff0102fd08
20 1 1 0 0 0 0 0 1fe02ff0102fd08
21 1 1 0 0 0 0 0 1fe02ff0102fd08
